462.32128922027556
174.19135291765232
20.0
434.50264922593124
201.74869585168915
20.0
50.59711734303356
177.23419749338325
20.0
64.5194943740861
208.57235105564706
20.0
472.9813353990198
403.43096392251596
20.0
507.10702874465335
409.6137118811277
20.0
374.9056851933806
410.2972272427888
20.0
382.2691948046352
447.9688678828918
20.0
689.4515417334615
78.822320671363
20.0
663.4395599530005
107.13634271575633
20.0
98.92923375282203
74.4937513484629
20.0
60.50864330590795
67.21491835451047
20.0
9.130924732152458
454.8351312031646
20.0
2.0382411209891593
424.598446282382
20.0
83.97178746430413
157.3710225201266
20.0
55.54688867906212
129.45590548214204
20.0
102.36605801809932
4.749774393089574
20.0
122.53647648607478
30.601834789097722
20.0
154.72465540666286
128.58522350192467
20.0
163.01661891212228
163.08121875823213
20.0
227.39297675329846
359.0479961838861
20.0
262.78882195564785
370.4828705109196
20.0
599.3033326951254
510.4380919622283
20.0
582.2233043058037
481.19253429422236
20.0
223.0268447129918
243.36546552910534
20.0
188.02775152927927
231.94952696004995
20.0
460.44635259175624
282.1704689083572
20.0
436.8484280699426
313.3627013837153
20.0
396.00813980424596
286.8199545169861
20.0
368.6568068018176
264.9671013437291
20.0
511.74158398508
107.11812144139765
20.0
546.6300360735603
94.34786595658903
20.0
221.63176904530968
169.41321262350445
20.0
194.5209919645641
151.32864298770772
20.0
153.68070369886746
71.70040238752054
20.0
193.125916296882
77.37639008210684
20.0
687.3134690064662
499.05167629270557
20.0
717.6141407179729
483.35308254983244
20.0
749.8023196385603
385.36969383700546
20.0
745.514747582873
348.04756085831303
20.0
744.3081705546037
440.70089380371905
20.0
759.4766645178437
404.914667880135
20.0
752.4717264544404
446.1060544574717
20.0
783.0886632365247
461.9042017636641
20.0
783.0886632365247
472.7145230711694
20.0
748.3109335046948
453.7595052501376
20.0
746.9055207281458
235.62015372658115
20.0
783.55532267084
232.2490105613357
20.0
783.55532267084
234.0936909502206
20.0
749.8317188118356
226.71257293450597
20.0
713.8809032793337
54.80997294621596
20.0
701.6217763275265
20.311751940416322
20.0
54.408682018581345
221.33759713877316
20.0
72.91412091165685
187.84210702309372
20.0
542.0366119927414
506.56827268197065
20.0
552.9400086763964
544.7269165103506
20.0
544.3908034441757
554.4520469251818
20.0
536.1842158253619
524.383434266121
20.0
